YEAR DOY HR    1 
1963 333  0  78.4
1963 360  0  71.9
1964  22  0  71.3
1964  49  0  76.5
1964  76  0  75.5
1964 103  0  71.6
1964 130  0  70.3
1964 157  0  71.4
1964 184  0  69.3
1964 211  0  71.1
1964 238  0  70.7
1964 265  0  71.0
1964 292  0  72.4
1964 319  0  72.4
1964 346  0  76.4
1965   7  0  74.1
1965  34  0  72.5
1965  61  0  73.1
1965  88  0  72.8
1965 115  0  77.3
1965 142  0  79.8
1965 169  0  80.3
1965 196  0  75.6
1965 223  0  76.0
1965 250  0  78.8
1965 277  0  77.6
1965 304  0  75.5
1965 331  0  73.1
1965 358  0  82.5
1966  20  0  83.2
1966  47  0  80.1
1966  74  0 100.6
1966 101  0  94.2
1966 128  0 103.5
1966 155  0  98.9
1966 182  0 107.6
1966 209  0 106.5
1966 236  0 114.5
1966 263  0 111.9
1966 290  0 107.9
1966 317  0 112.7
1966 344  0 129.1
1967   6  0 142.0
1967  33  0 143.1
1967  60  0 156.5
1967  87  0 137.0
1967 114  0 123.4
1967 141  0 150.8
1967 168  0 121.9
1967 195  0 162.1
1967 222  0 156.5
1967 249  0 131.0
1967 276  0 133.5
1967 303  0 140.9
1967 330  0 154.4
1967 357  0 181.9
1968  19  0 178.6
1968  46  0 147.7
1968  73  0 140.2
1968 100  0 133.5
1968 127  0 159.3
1968 154  0 147.3
1968 181  0 140.9
1968 208  0 152.3
1968 235  0 136.9
1968 262  0 140.6
1968 289  0 153.1
1968 316  0 136.8
1968 343  0 143.4
1969   4  0 149.3
1969  31  0 147.8
1969  58  0 169.3
1969  85  0 168.1
1969 112  0 143.6
1969 139  0 176.5
1969 166  0 149.7
1969 193  0 142.4
1969 220  0 138.4
1969 247  0 137.0
1969 274  0 150.5
1969 301  0 152.0
1969 328  0 140.3
1969 355  0 149.0
1970  17  0 155.4
1970  44  0 180.3
1970  71  0 157.3
1970  98  0 159.6
1970 125  0 173.7
1970 152  0 159.0
1970 179  0 155.5
1970 206  0 147.7
1970 233  0 144.3
1970 260  0 139.8
1970 287  0 154.2
1970 314  0 160.2
1970 341  0 145.5
1971   3  0 158.5
1971  30  0 136.2
1971  57  0 115.4
1971  84  0 118.0
1971 111  0 116.0
1971 138  0 102.1
1971 165  0 114.2
1971 192  0 116.1
1971 219  0 117.1
1971 246  0 105.8
1971 273  0 106.3
1971 300  0 107.9
1971 327  0 119.7
1971 354  0 110.8
1972  16  0 115.0
1972  43  0 151.0
1972  70  0 118.9
1972  97  0 114.9
1972 124  0 136.3
1972 151  0 140.5
1972 178  0 125.9
1972 205  0 125.0
1972 232  0 125.2
1972 259  0 109.1
1972 286  0 125.2
1972 313  0  95.5
1972 340  0 101.6
1973   1  0 100.3
1973  28  0  95.2
1973  55  0 100.5
1973  82  0 102.9
1973 109  0 102.2
1973 136  0  98.9
1973 163  0  91.9
1973 190  0  84.7
1973 217  0  84.7
1973 244  0 105.7
1973 271  0  87.5
1973 298  0  81.2
1973 325  0  80.8
1973 352  0  84.5
1974  14  0  78.6
1974  41  0  79.6
1974  68  0  77.8
1974  95  0  89.3
1974 122  0  92.4
1974 149  0  90.3
1974 176  0  95.1
1974 203  0  90.1
1974 230  0  84.4
1974 257  0  96.1
1974 284  0  91.4
1974 311  0  85.8
1974 338  0  78.7
1974 365  0  75.9
1975  27  0  72.8
1975  54  0  72.2
1975  81  0  70.5
1975 108  0  72.3
1975 135  0  69.7
1975 162  0  74.0
1975 189  0  82.2
1975 216  0  92.7
1975 243  0  81.3
1975 270  0  76.5
1975 297  0  77.9
1975 324  0  74.8
1975 351  0  71.2
1976  13  0  71.4
1976  40  0  68.7
1976  67  0  77.9
1976  94  0  76.6
1976 121  0  73.1
1976 148  0  71.9
1976 175  0  70.9
1976 202  0  75.6
1976 229  0  73.9
1976 256  0  73.6
1976 283  0  74.9
1976 310  0  71.5
1976 337  0  74.3
1976 364  0  74.6
1977  25  0  81.0
1977  52  0  76.1
1977  79  0  76.3
1977 106  0  79.0
1977 133  0  85.2
1977 160  0  95.7
1977 187  0  81.3
1977 214  0  86.6
1977 241  0  99.6
1977 268  0  99.1
1977 295  0  92.3
1977 322  0  95.7
1977 349  0 103.9
1978  11  0 112.9
1978  38  0 140.0
1978  65  0 139.0
1978  92  0 148.8
1978 119  0 152.2
1978 146  0 136.2
1978 173  0 157.3
1978 200  0 121.4
1978 227  0 133.6
1978 254  0 150.4
1978 281  0 162.7
1978 308  0 146.9
1978 335  0 169.0
1978 362  0 191.8
1979  24  0 202.9
1979  51  0 184.2
1979  78  0 183.5
1979 105  0 173.2
1979 132  0 179.5
1979 159  0 179.7
1979 186  0 166.5
1979 213  0 174.3
1979 240  0 193.8
1979 267  0 220.4
1979 294  0 245.4
1979 321  0 198.5
1979 348  0 194.4
1980  10  0 198.3
1980  37  0 187.7
1980  64  0 165.0
1980  91  0 209.6
1980 118  0 215.1
1980 145  0 208.6
1980 172  0 192.6
1980 199  0 183.9
1980 226  0 193.3
1980 253  0 174.5
1980 280  0 209.1
1980 307  0 213.1
1980 334  0 218.7
1980 361  0 175.1
1981  22  0 187.7
1981  49  0 211.7
1981  76  0 215.8
1981 103  0 214.0
1981 130  0 182.0
1981 157  0 166.7
1981 184  0 200.0
1981 211  0 214.7
1981 238  0 242.1
1981 265  0 219.6
1981 292  0 222.0
1981 319  0 210.4
1981 346  0 169.6
1982   8  0 185.5
1982  35  0 202.7
1982  62  0 208.1
1982  89  0 165.0
1982 116  0 148.1
1982 143  0 176.6
1982 170  0 168.2
1982 197  0 168.4
1982 224  0 168.4
1982 251  0 169.1
1982 278  0 155.3
1982 305  0 163.8
1982 332  0 199.5
1982 359  0 144.5
1983  21  0 128.3
1983  48  0 117.9
1983  75  0 107.9
1983 102  0 130.9
1983 129  0 142.3
1983 156  0 142.8
1983 183  0 127.5
1983 210  0 135.5
1983 237  0 108.0
1983 264  0 121.7
1983 291  0  95.7
1983 318  0  88.6
1983 345  0  87.8
1984   7  0 120.6
1984  34  0 136.4
1984  61  0 117.9
1984  88  0 121.0
1984 115  0 143.5
1984 142  0 111.9
1984 169  0 102.5
1984 196  0  86.9
1984 223  0  86.0
1984 250  0  76.0
1984 277  0  73.3
1984 304  0  73.2
1984 331  0  75.3
1984 358  0  70.4
1985  19  0  73.6
1985  46  0  70.3
1985  73  0  73.9
1985 100  0  76.9
1985 127  0  82.9
1985 154  0  79.2
1985 181  0  80.9
1985 208  0  75.0
1985 235  0  71.7
1985 262  0  68.2
1985 289  0  76.4
1985 316  0  72.6
1985 343  0  72.6
1986   5  0  71.3
1986  32  0  81.7
1986  59  0  77.2
1986  86  0  72.9
1986 113  0  75.3
1986 140  0  73.3
1986 167  0  70.3
1986 194  0  72.8
1986 221  0  69.4
1986 248  0  69.5
1986 275  0  81.9
1986 302  0  77.6
1986 329  0  71.3
1986 356  0  69.7
1987  18  0  69.8
1987  45  0  71.8
1987  72  0  75.6
1987  99  0  86.3
1987 126  0  90.6
1987 153  0  80.8
1987 180  0  83.3
1987 207  0  96.2
1987 234  0  89.4
1987 261  0  88.2
1987 288  0  98.5
1987 315  0  96.6
1987 342  0  93.6
1988   4  0 105.3
1988  31  0 102.8
1988  58  0 108.2
1988  85  0 130.6
1988 112  0 111.3
1988 139  0 135.9
1988 166  0 149.7
1988 193  0 157.4
1988 220  0 157.1
1988 247  0 151.1
1988 274  0 170.9
1988 301  0 158.1
1988 328  0 168.6
1988 355  0 224.9
1989  16  0 218.7
1989  43  0 206.6
1989  70  0 205.7
1989  97  0 190.9
1989 124  0 195.4
1989 151  0 248.7
1989 178  0 195.5
1989 205  0 224.5
1989 232  0 233.9
1989 259  0 198.1
1989 286  0 212.3
1989 313  0 227.0
1989 340  0 205.2
1990   2  0 201.8
1990  29  0 171.8
1990  56  0 186.5
1990  83  0 188.3
1990 110  0 185.7
1990 137  0 195.6
1990 164  0 193.2
1990 191  0 174.8
1990 218  0 232.2
1990 245  0 181.4
1990 272  0 185.1
1990 299  0 179.5
1990 326  0 193.0
1990 353  0 188.8
1991  15  0 239.2
1991  42  0 233.6
1991  69  0 226.8
1991  96  0 198.4
1991 123  0 194.9
1991 150  0 213.0
1991 177  0 215.6
1991 204  0 207.3
1991 231  0 210.5
1991 258  0 187.5
1991 285  0 200.6
1991 312  0 163.0
1991 339  0 223.3
1992   1  0 202.8
1992  28  0 229.4
1992  55  0 181.3
1992  82  0 163.4
1992 109  0 149.0
1992 136  0 121.5
1992 163  0 128.8
1992 190  0 132.8
1992 217  0 126.0
1992 244  0 117.3
1992 271  0 120.2
1992 298  0 145.2
1992 325  0 143.2
1992 352  0 129.2
1993  13  0 124.2
1993  40  0 138.7
1993  67  0 129.1
1993  94  0 116.3
1993 121  0 111.6
1993 148  0 113.0
1993 175  0 106.7
1993 202  0 102.0
1993 229  0  87.5
1993 256  0 101.4
1993 283  0  91.9
1993 310  0  94.7
1993 337  0  98.7
1993 364  0 114.1
1994  26  0  99.4
1994  53  0  92.0
1994  80  0  81.5
1994 107  0  81.2
1994 134  0  80.5
1994 161  0  83.2
1994 188  0  81.7
1994 215  0  77.6
1994 242  0  81.1
1994 269  0  83.5
1994 296  0  84.1
1994 323  0  80.8
1994 350  0  76.7
1995  12  0  83.5
1995  39  0  84.5
1995  66  0  83.0
1995  93  0  78.8
1995 120  0  78.3
1995 147  0  77.1
1995 174  0  78.2
1995 201  0  73.5
1995 228  0  74.8
1995 255  0  72.6
1995 282  0  78.3
1995 309  0  72.6
1995 336  0  70.0
1995 363  0  72.2
1996  25  0  69.9
1996  52  0  70.0
1996  79  0  70.1
1996 106  0  71.9
1996 133  0  70.8
1996 160  0  71.7
1996 187  0  73.8
1996 214  0  74.0
1996 241  0  70.8
1996 268  0  69.0
1996 295  0  69.2
1996 322  0  79.2
1996 349  0  75.3
1997  10  0  72.5
1997  37  0  71.4
1997  64  0  72.9
1997  91  0  75.2
1997 118  0  75.3
1997 145  0  75.8
1997 172  0  71.9
1997 199  0  77.1
1997 226  0  89.1
1997 253  0  92.9
1997 280  0  84.9
1997 307  0  97.2
1997 334  0  95.7
1997 361  0  90.6
1998  23  0  91.3
1998  50  0  98.7
1998  77  0 118.9
1998 104  0 107.0
1998 131  0 105.4
1998 158  0 113.4
1998 185  0 116.5
1998 212  0 135.6
1998 239  0 145.4
1998 266  0 123.5
1998 293  0 126.4
1998 320  0 139.3
1998 347  0 142.8
1999   9  0 134.4
1999  36  0 141.8
1999  63  0 125.6
1999  90  0 117.5
1999 117  0 145.8
1999 144  0 163.5
1999 171  0 175.3
1999 198  0 174.2
1999 225  0 164.4
1999 252  0 137.9
1999 279  0 168.5
1999 306  0 190.9
1999 333  0 168.5
1999 360  0 158.8
2000  22  0 149.8
2000  49  0 193.9
2000  76  0 202.7
2000 103  0 168.8
2000 130  0 200.6
2000 157  0 186.8
2000 184  0 219.2
2000 211  0 168.7
2000 238  0 164.7
2000 265  0 184.1
2000 292  0 169.7
2000 319  0 166.3
2000 346  0 176.0
2001   7  0 159.5
2001  34  0 141.4
2001  61  0 169.2
2001  88  0 184.4
2001 115  0 160.3
2001 142  0 166.2
2001 169  0 158.6
2001 196  0 143.5
2001 223  0 180.9
2001 250  0 238.9
2001 277  0 206.5
2001 304  0 209.3
2001 331  0 216.9
2001 358  0 223.9
2002  20  0 218.5
2002  47  0 186.1
2002  74  0 188.6
2002 101  0 182.7
2002 128  0 182.0
2002 155  0 150.4
2002 182  0 171.0
2002 209  0 198.3
2002 236  0 187.5
2002 263  0 160.1
2002 290  0 171.5
2002 317  0 153.2
2002 344  0 150.0
2003   6  0 140.9
2003  33  0 121.4
2003  60  0 127.4
2003  87  0 125.4
2003 114  0 123.9
2003 141  0 135.4
2003 168  0 128.9
2003 195  0 129.3
2003 222  0 121.5
2003 249  0 115.2
2003 276  0 143.6
2003 303  0 142.0
2003 330  0 117.4
2003 357  0 117.2
2004  19  0 104.5
2004  46  0 103.5
2004  73  0 112.7
2004 100  0  99.5
2004 127  0 103.3
2004 154  0 101.8
2004 181  0 123.2
2004 208  0 116.5
2004 235  0 107.2
2004 262  0  91.4
2004 289  0 122.0
2004 316  0 100.9
2004 343  0  91.3
2005   4  0 100.1
2005  31  0  96.0
2005  58  0  90.4
2005  85  0  82.8
2005 112  0 104.0
2005 139  0  98.7
2005 166  0 101.2
2005 193  0  92.9
2005 220  0  87.7
2005 247  0  93.6
2005 274  0  76.4
2005 301  0  83.5
2005 328  0  86.6
2005 355  0  81.8
2006  17  0  79.3
2006  44  0  74.4
2006  71  0  80.8
2006  98  0  88.4
2006 125  0  81.2
2006 152  0  78.0
2006 179  0  79.9
2006 206  0  80.5
2006 233  0  82.0
2006 260  0  74.5
2006 287  0  76.6
2006 314  0  85.6
2006 341  0  80.2
2007   3  0  80.1
2007  30  0  76.7
2007  57  0  71.2
2007  84  0  71.0
2007 111  0  78.6
2007 138  0  77.5
2007 165  0  73.0
2007 192  0  72.6
2007 219  0  70.8
2007 246  0  67.6
2007 273  0  67.2
2007 300  0  67.4
2007 327  0  76.7
2007 354  0  72.7
2008  16  0  69.4
2008  43  0  69.0
2008  70  0  74.0
2008  97  0  69.8
2008 124  0  70.0
2008 151  0  68.0
2008 178  0  67.9
2008 205  0  67.8
2008 232  0  67.8
2008 259  0  67.9
2008 286  0  67.7
2008 313  0  67.1
2008 340  0  67.0
2009   1  0  67.6
2009  28  0  68.0
2009  55  0  68.2
2009  82  0  70.0
2009 109  0  71.4
2009 136  0  72.2
2009 163  0  70.4
2009 190  0  69.9
2009 217  0  69.0
2009 244  0  71.0
2009 271  0  70.6
2009 298  0  73.2
2009 325  0  72.5
2009 352  0  77.3
2010  14  0  79.1
2010  41  0  82.0
2010  68  0  83.4
2010  95  0  76.3
2010 122  0  75.3
2010 149  0  74.5
2010 176  0  79.3
2010 203  0  86.2
2010 230  0  77.7
2010 257  0  81.9
2010 284  0  82.1
2010 311  0  81.3
2010 338  0  81.1
2010 365  0  81.4
2011  27  0  90.6
2011  54  0 110.1
2011  81  0 112.5
2011 108  0 108.0
2011 135  0  97.3
2011 162  0  94.7
2011 189  0 102.7
2011 216  0 101.7
2011 243  0 134.8
2011 270  0 137.8
2011 297  0 150.6
2011 324  0 137.7
2011 351  0 131.9
2012  13  0 122.2
2012  40  0 106.7
2012  67  0 112.5
2012  94  0 114.5
2012 121  0 125.8
2012 148  0 128.2
2012 175  0 141.3
2012 202  0 123.8
2012 229  0 117.8
2012 256  0 116.8
2012 283  0 122.2
2012 310  0 121.1
2012 337  0 105.3
2012 364  0 128.1
2013  25  0 100.9
2013  52  0 111.3
2013  79  0 117.9
2013 106  0 129.2
2013 133  0 124.7
2013 160  0 117.1
2013 187  0 117.3
2013 214  0 119.4
2013 241  0 103.5
2013 268  0 118.0
2013 295  0 154.4
2013 322  0 141.6
2013 349  0 157.2
2014  11  0 147.8
2014  38  0 160.6
2014  65  0 147.1
2014  92  0 146.5
2014 119  0 138.3
2014 146  0 126.8
2014 173  0 143.0
2014 200  0 124.8
2014 227  0 136.0
2014 254  0 144.5
2014 281  0 155.1
2014 308  0 154.6
2014 335  0 157.9
2014 362  0 133.2
2015  24  0 135.7
2015  51  0 119.6
2015  78  0 126.0
2015 105  0 136.1
2015 132  0 116.4
2015 159  0 131.3
2015 186  0 109.6
2015 213  0 110.6
2015 240  0  97.4
2015 267  0 104.6
2015 294  0 110.5
2015 321  0 103.7
2015 348  0 108.8
2016  10  0 102.5
2016  37  0  99.1
2016  64  0  90.3
2016  91  0  93.5
2016 118  0  96.3
2016 145  0  88.7
2016 172  0  85.3
2016 199  0  88.1
2016 226  0  89.5
2016 253  0  86.4
2016 280  0  84.6
2016 307  0  76.5
2016 334  0  73.8
2016 361  0  72.7
2017  22  0  74.6
2017  49  0  74.7
2017  76  0  80.1
2017 103  0  77.8
2017 130  0  76.3
2017 157  0  76.2
2017 184  0  81.2
2017 211  0  78.2
2017 238  0  94.5
2017 265  0  80.1
2017 292  0  72.1
2017 319  0  70.3
2017 346  0  69.4
2018   8  0  67.7
2018  35  0  70.4
2018  62  0  67.6
2018  89  0  70.3
2018 116  0  70.7
2018 143  0  74.5
2018 170  0  74.7
2018 197  0  71.2
2018 224  0  70.0
2018 251  0  68.9
2018 278  0  69.3
2018 305  0  67.6
2018 332  0  67.8
2018 359  0  67.9
2019  21  0  69.6
2019  48  0  69.4
2019  75  0  72.9
2019 102  0  72.6
2019 129  0  72.3
2019 156  0  70.0
2019 183  0  69.4
2019 210  0  69.0
2019 237  0  68.9
2019 264  0  67.5
2019 291  0  67.7
2019 318  0  68.4
2019 345  0  68.9
2020   7  0  70.1
2020  34  0  69.2
2020  61  0  69.5
2020  88  0  69.8
2020 115  0  70.3
2020 142  0  72.2
2020 169  0  70.6
2020 196  0  73.4